18 0.5886979166666666 0.73075 0.04825 0.03130555555555556
18 0.7016770833333333 0.8983703703703704 0.15713541666666667 0.20325
17 0.5326510416666667 0.6479537037037036 0.03284375 0.1750462962962963
17 0.6667083333333333 0.6103148148148148 0.02550520833333333 0.1280277777777778
16 0.816078125 0.6097407407407407 0.07639062499999999 0.15297222222222223
17 0.5651770833333334 0.6076574074074074 0.029869791666666666 0.10960185185185185
18 0.5166041666666666 0.7780833333333333 0.07270833333333333 0.03540740740740741
18 0.9194427083333333 0.7533518518518518 0.10752604166666666 0.05444444444444444
18 0.4025625 0.8289629629629629 0.07615625 0.06808333333333333
18 0.5763489583333333 0.9446111111111111 0.08584895833333334 0.0962962962962963
