18 0.24001562499999998 0.8305648148148148 0.14235416666666667 0.09846296296296296
18 0.4022395833333333 0.9338425925925925 0.037625 0.03632407407407407
18 0.448953125 0.9755925925925927 0.06647395833333333 0.03603703703703704
18 0.6543854166666667 0.8800925925925925 0.08358333333333333 0.13023148148148148
18 0.549078125 0.7684907407407408 0.11268229166666667 0.08850925925925926
18 0.4340364583333333 0.7619722222222222 0.081984375 0.07947222222222222
18 0.5525 0.8790555555555556 0.1173125 0.11702777777777777
17 0.42624999999999996 0.6493055555555556 0.03546354166666667 0.17064814814814816
16 0.750390625 0.6906111111111112 0.19344791666666666 0.3393796296296296
16 0.5966458333333333 0.6429814814814815 0.04811979166666667 0.16971296296296295
