18 0.22615104166666666 0.8295555555555555 0.19538541666666667 0.2185462962962963
18 0.6222604166666666 0.744388888888889 0.037328125000000004 0.061064814814814815
18 0.40639583333333335 0.7648425925925926 0.0366875 0.04667592592592592
18 0.43660937499999997 0.7135092592592593 0.06711458333333334 0.05762037037037037
18 0.462890625 0.6698981481481482 0.028744791666666665 0.03637962962962963
18 0.5239947916666667 0.7045 0.10768229166666667 0.04449074074074074
18 0.5014583333333333 0.6552777777777778 0.028088541666666668 0.03338888888888889
18 0.4326979166666666 0.6026296296296296 0.077453125 0.02451851851851852
18 0.5364895833333333 0.6172592592592593 0.063296875 0.030185185185185186
18 0.40213020833333335 0.6416111111111111 0.025744791666666666 0.025657407407407407
16 0.4847604166666667 0.4706388888888889 0.016348958333333333 0.07035185185185186
