16 0.4965104166666666 0.6242037037037037 0.07300520833333332 0.2320925925925926
16 0.424953125 0.60475 0.04616145833333333 0.13762962962962963
16 0.8022083333333333 0.6312407407407408 0.12152083333333333 0.18244444444444444
15 0.144375 0.5347314814814814 0.28875 0.48991666666666667
15 0.35964583333333333 0.5638055555555556 0.06345833333333334 0.16912037037037037
15 0.619 0.589 0.10634375 0.1602222222222222
18 0.48359375 0.7668148148148148 0.043854166666666666 0.13062962962962965
16 0.9283281250000001 0.6953148148148148 0.14333854166666665 0.24250925925925929
16 0.5577604166666668 0.6165833333333333 0.02322916666666667 0.10387037037037038
15 0.513484375 0.6004814814814815 0.05572395833333333 0.1076388888888889
