16 0.5285885416666667 0.6012407407407407 0.07717187499999999 0.2632129629629629
16 0.392453125 0.5721481481481481 0.04616145833333333 0.13762962962962963
16 0.45286458333333335 0.5595555555555556 0.05531770833333333 0.10354629629629629
18 0.5144270833333333 0.7701481481481481 0.05884895833333333 0.11803703703703704
16 0.7109687499999999 0.5771574074074074 0.08569791666666667 0.18688888888888888
15 0.11278645833333334 0.47697222222222224 0.2255677083333333 0.5295277777777778
15 0.26965625 0.4969259259259259 0.11484375 0.2898703703703704
15 0.34589583333333335 0.5304722222222222 0.047625 0.12317592592592592
15 0.5698333333333333 0.5586296296296297 0.07467708333333332 0.12022222222222223
18 0.46734375 0.6564166666666666 0.03635416666666667 0.07875925925925926
16 0.48744791666666665 0.5654722222222223 0.024479166666666666 0.05613888888888889
